61 64 67 66 68 67: [3 3 -1 2 -1 ] | [3 3 -1 1 ]
5 7 6 9 12 14 16 16: [2 -1 3 3 2 2 0 ] | [2 -1 2 3 2 2 ]
82 83 84 82 85 88 91 95: [1 1 -2 3 3 3 4 ] | [1 1 -2 1 3 3 ]
38 40 43 46 49 47 53: [2 3 3 3 -2 6 ] | [2 3 3 3 -2 ]
74 75 78 80 81 81 79: [1 3 2 1 0 -2 ] | [1 3 2 1 0 ]
11 13 16 17 18 18 20 20: [2 3 1 1 0 2 0 ] | [2 3 1 1 0 2 ]
20 21 22 23 23 27: [1 1 1 0 4 ] | [1 1 1 0 ]
63 64 64 65 68 71 73 79: [1 0 1 3 3 2 6 ] | [1 0 1 3 3 2 ]
44 47 49 53 55 56 58 59: [3 2 4 2 1 2 1 ] | [3 2 4 ]
32 35 38 40 44 44: [3 3 2 4 0 ] | [3 3 2 4 ]
53 55 59 60 62 64 65 69: [2 4 1 2 2 1 4 ] | [2 4 ]
53 55 56 58 62 67: [2 1 2 4 5 ] | [2 1 2 4 ]
57 59 62 68 71 73 74 75: [2 3 6 3 2 1 1 ] | [2 3 6 ]
22 24 25 30 33 35 38 36: [2 1 5 3 2 3 -2 ] | [2 1 5 ]
15 17 20 25 28 30 32 32: [2 3 5 3 2 2 0 ] | [2 3 5 ]
83 85 88 94 98: [2 3 6 4 ] | [2 3 6 ]
74 77 78 80 87 92: [3 1 2 7 5 ] | [3 1 2 7 ]
74 71 73 74 75 73: [-3 2 1 1 -2 ] | [-3 -1 1 1 ]
32 31 34 35 35: [-1 3 1 0 ] | [-1 2 1 ]
35 32 34 36 38 40 42 46: [-3 2 2 2 2 2 4 ] | [-3 -1 2 2 2 2 ]
35 32 33 34 36 41: [-3 1 1 2 5 ] | [-3 -2 1 2 ]
69 67 66 67 70 71 74 75: [-2 -1 1 3 1 3 1 ] | [-2 ]
93 91 89 91 94 93: [-2 -2 2 3 -1 ] | [-2 -2 2 ]
95 93 92 94 96 96: [-2 -1 2 2 0 ] | [-2 ]
23 22 21 22 23 24 28: [-1 -1 1 1 1 4 ] | [-1 ]
27 24 25 26 28 26 29 36: [-3 1 1 2 -2 3 7 ] | [-3 -2 1 2 ]
86 84 86 86 88: [-2 2 0 2 ] | [-2 0 ]
2 1 2 3 3 6 9 7: [-1 1 1 0 3 3 -2 ] | [-1 0 1 ]
35 33 35 35 36 36: [-2 2 0 1 0 ] | [-2 0 ]
15 13 14 14 16 18 19 23: [-2 1 0 2 2 1 4 ] | [-2 -1 ]
73 70 70 71 78: [-3 0 1 7 ] | [-3 ]
21 20 23 25 28 32 33 35: [-1 3 2 3 4 1 2 ] | [-1 2 2 3 ]
27 25 27 28 32 34 31: [-2 2 1 4 2 -3 ] | [-2 0 1 ]
40 39 40 44 44: [-1 1 4 0 ] | [-1 0 ]
67 64 67 71 75: [-3 3 4 4 ] | [-3 0 ]
31 28 29 32 33 37 44: [-3 1 3 1 4 7 ] | [-3 -2 3 1 ]
9 8 11 14 17 19 25 28: [-1 3 3 3 2 6 3 ] | [-1 2 3 3 2 ]
42 41 46 49 51 50: [-1 5 3 2 -1 ] | [-1 ]
22 21 26 28 31 33 36 36: [-1 5 2 3 2 3 0 ] | [-1 ]
20 19 26 28 32: [-1 7 2 4 ] | [-1 ]
32 29 30 37 40 43 48: [-3 1 7 3 3 5 ] | [-3 -2 ]
69 69 72 75 76 75: [0 3 3 1 -1 ] | [0 3 3 1 ]
51 51 53 54 54: [0 2 1 0 ] | [0 2 1 ]
46 46 47 48 49 53: [0 1 1 1 4 ] | [0 1 1 1 ]
72 72 75 76 77 78 80 85: [0 3 1 1 1 2 5 ] | [0 3 1 1 1 2 ]
53 53 54 52 54: [0 1 -2 2 ] | [0 1 ]
79 79 78 79 78: [0 -1 1 -1 ] | [0 -1 ]
72 72 75 73 75 75: [0 3 -2 2 0 ] | [0 3 ]
47 47 49 52 54 51 55: [0 2 3 2 -3 4 ] | [0 2 3 2 ]
19 19 20 18 21 26: [0 1 -2 3 5 ] | [0 1 ]
84 84 85 85 88 91 93 94: [0 1 0 3 3 2 1 ] | [0 1 ]
29 29 29 31 33 36 33: [0 0 2 2 3 -3 ] | [0 ]
15 15 17 18 21 21 21: [0 2 1 3 0 0 ] | [0 2 1 3 ]
61 61 61 64 67 71: [0 0 3 3 4 ] | [0 ]
62 62 63 64 64 70: [0 1 1 0 6 ] | [0 1 1 ]
64 64 67 71 72 75 77 79: [0 3 4 1 3 2 2 ] | [0 3 ]
60 60 63 67 70 68: [0 3 4 3 -2 ] | [0 3 ]
76 76 79 81 85 87 88 88: [0 3 2 4 2 1 0 ] | [0 3 2 ]
20 20 23 26 28 31 35 39: [0 3 3 2 3 4 4 ] | [0 3 3 2 3 ]
29 29 33 35 42: [0 4 2 7 ] | [0 ]
25 25 30 32 35: [0 5 2 3 ] | [0 ]
50 50 52 59 60 62 60: [0 2 7 1 2 -2 ] | [0 2 ]
60 60 61 63 68 69 69: [0 1 2 5 1 0 ] | [0 1 2 ]
81 81 83 86 87 92 96: [0 2 3 1 5 4 ] | [0 2 3 1 ]
68 68 73 76 81: [0 5 3 5 ] | [0 ]
38 42 43 44 45 43: [4 1 1 1 -2 ] | [4 5 1 1 ]
35 39 42 44 46 46: [4 3 2 2 0 ] | [4 7 2 2 ]
19 23 24 26 28 29 33: [4 1 2 2 1 4 ] | [4 5 2 2 1 ]
54 58 60 63 65 67 73: [4 2 3 2 2 6 ] | [4 6 3 2 2 ]
33 37 38 40 42 39 42 44: [4 1 2 2 -3 3 2 ] | [4 5 2 2 ]
65 69 70 67 68 65: [4 1 -3 1 -3 ] | [4 5 ]
9 13 10 13 13: [4 -3 3 0 ] | [4 1 3 ]
78 82 79 81 83 87: [4 -3 2 2 4 ] | [4 1 2 2 ]
34 38 40 38 40 41 48: [4 2 -2 2 1 7 ] | [4 6 ]
15 19 19 21 24: [4 0 2 3 ] | [4 ]
36 40 42 42 39: [4 2 0 -3 ] | [4 6 ]
4 8 9 9 9: [4 1 0 0 ] | [4 5 ]
52 56 57 60 61 61 65: [4 1 3 1 0 4 ] | [4 5 3 1 ]
50 54 56 57 57 60 66: [4 2 1 0 3 6 ] | [4 6 1 ]
26 30 32 36 37: [4 2 4 1 ] | [4 6 ]
9 13 16 20 22 23 20: [4 3 4 2 1 -3 ] | [4 7 ]
55 59 61 65 65: [4 2 4 0 ] | [4 6 ]
45 49 50 53 57 60 63 67: [4 1 3 4 3 3 4 ] | [4 5 3 ]
74 78 82 84 90: [4 4 2 6 ] | [4 ]
41 45 50 53 56: [4 5 3 3 ] | [4 ]
72 76 82 83 85 82: [4 6 1 2 -3 ] | [4 ]
1 5 11 12 12: [4 6 1 0 ] | [4 ]
72 76 79 81 82 89 93: [4 3 2 1 7 4 ] | [4 7 2 1 ]
54 58 64 65 70: [4 6 1 5 ] | [4 ]
47 53 55 57 60 62 59: [6 2 2 3 2 -3 ] | [6 8 2 3 2 ]
71 78 79 81 82 84 84: [7 1 2 1 2 0 ] | [7 8 2 1 2 ]
52 57 59 62 64 65 69: [5 2 3 2 1 4 ] | [5 7 3 2 1 ]
59 64 67 69 71 74 76 83: [5 3 2 2 3 2 7 ] | [5 8 2 2 3 2 ]
78 83 85 82 83 85 86 89: [5 2 -3 1 2 1 3 ] | [5 7 ]
27 32 34 37 40 37 35: [5 2 3 3 -3 -2 ] | [5 7 3 3 ]
37 42 40 41 44 44: [5 -2 1 3 0 ] | [5 3 1 3 ]
44 51 54 51 53 57: [7 3 -3 2 4 ] | [7 10 ]
18 24 27 30 32 31 36: [6 3 3 2 -1 5 ] | [6 9 3 2 ]
57 63 66 68 68 69 71 72: [6 3 2 0 1 2 1 ] | [6 9 2 ]
65 70 70 71 73 72: [5 0 1 2 -1 ] | [5 ]
32 37 37 39 42 42: [5 0 2 3 0 ] | [5 ]
43 50 52 52 55 58 61 65: [7 2 0 3 3 3 4 ] | [7 9 ]
20 26 28 28 29 30 33 38: [6 2 0 1 1 3 5 ] | [6 8 ]
50 55 59 62 64 65 66: [5 4 3 2 1 1 ] | [5 ]
44 51 52 56 57 58 61 59: [7 1 4 1 1 3 -2 ] | [7 8 ]
12 17 18 21 25 26 28 28: [5 1 3 4 1 2 0 ] | [5 6 3 ]
2 9 11 15 19: [7 2 4 4 ] | [7 9 ]
61 68 72 73 78: [7 4 1 5 ] | [7 ]
17 22 28 30 33: [5 6 2 3 ] | [5 ]
58 64 67 72 74 71: [6 3 5 2 -3 ] | [6 9 ]
72 78 79 85 88 90 90: [6 1 6 3 2 0 ] | [6 7 ]
69 74 76 83 85 89: [5 2 7 2 4 ] | [5 7 ]
24 31 34 35 36 42 49: [7 3 1 1 6 7 ] | [7 10 1 1 ]
70 68 67 66 65 67 66 63: [-2 -1 -1 -1 2 -1 -3 ] | [-2 -1 -1 -1 2 ]
82 79 77 74 77 74 77: [-3 -2 -3 3 -3 3 ] | [-3 -2 -3 3 ]
74 72 70 71 68 68: [-2 -2 1 -3 0 ] | [-2 -2 1 -2 ]
97 95 94 96 93 91 87: [-2 -1 2 -3 -2 -4 ] | [-2 -1 2 -1 -2 ]
13 11 9 10 8 2: [-2 -2 1 -2 -6 ] | [-2 -2 1 -1 ]
80 78 75 75 73 70 72: [-2 -3 0 -2 -3 2 ] | [-2 -3 0 -2 -3 ]
64 63 63 60 60: [-1 0 -3 0 ] | [-1 0 -3 ]
54 51 50 50 46: [-3 -1 0 -4 ] | [-3 -1 0 ]
35 32 29 28 28 27 21: [-3 -3 -1 0 -1 -6 ] | [-3 -3 -1 0 -1 ]
87 85 81 80 78: [-2 -4 -1 -2 ] | [-2 -4 ]
27 25 22 18 17 14 17: [-2 -3 -4 -1 -3 3 ] | [-2 -3 -4 ]
94 92 88 85 82 79 78 78: [-2 -4 -3 -3 -3 -1 0 ] | [-2 -4 ]
19 16 15 11 10 7 3: [-3 -1 -4 -1 -3 -4 ] | [-3 -1 -4 ]
46 44 42 41 37 34 29: [-2 -2 -1 -4 -3 -5 ] | [-2 -2 -1 -4 ]
54 52 49 44 43 41 40: [-2 -3 -5 -1 -2 -1 ] | [-2 -3 -5 ]
29 27 26 20 21: [-2 -1 -6 1 ] | [-2 -1 -6 ]
97 95 92 85 85: [-2 -3 -7 0 ] | [-2 -3 -7 ]
55 54 52 47 46 42: [-1 -2 -5 -1 -4 ] | [-1 -2 -5 ]
32 31 28 26 23 21 16 9: [-1 -3 -2 -3 -2 -5 -7 ] | [-1 -3 -2 -3 -2 -5 ]
14 15 14 12 11 10 13: [1 -1 -2 -1 -1 3 ] | [1 0 -2 -1 -1 ]
48 50 47 46 46: [2 -3 -1 0 ] | [2 -1 -1 ]
90 93 90 87 85 82 78: [3 -3 -3 -2 -3 -4 ] | [3 0 -3 -2 -3 ]
78 80 77 74 72 69 68 62: [2 -3 -3 -2 -3 -1 -6 ] | [2 -1 -3 -2 -3 -1 ]
32 35 37 35 32 29 28 26: [3 2 -2 -3 -3 -1 -2 ] | [3 ]
15 16 17 15 14 13 16: [1 1 -2 -1 -1 3 ] | [1 1 -2 ]
62 65 63 65 65: [3 -2 2 0 ] | [3 -2 ]
75 77 75 78 74: [2 -2 3 -4 ] | [2 -2 1 ]
4 7 5 7 6 1: [3 -2 2 -1 -5 ] | [3 1 ]
98 99 96 93 93 90: [1 -3 -3 0 -3 ] | [1 -2 -3 ]
52 55 55 54 57: [3 0 -1 3 ] | [3 0 ]
76 79 79 78 75 75: [3 0 -1 -3 0 ] | [3 ]
75 77 74 74 73 70 66: [2 -3 0 -1 -3 -4 ] | [2 -1 ]
21 23 22 21 21 19 17 12: [2 -1 -1 0 -2 -2 -5 ] | [2 1 -1 ]
79 81 80 76 75: [2 -1 -4 -1 ] | [2 1 ]
69 71 69 65 63 61 59 60: [2 -2 -4 -2 -2 -2 1 ] | [2 0 ]
71 73 71 70 69 65 64 64: [2 -2 -1 -1 -4 -1 0 ] | [2 0 -1 -1 ]
59 61 59 56 54 50 46: [2 -2 -3 -2 -4 -4 ] | [2 0 -3 -2 ]
86 89 85 84 83 77: [3 -4 -1 -1 -6 ] | [3 -1 -1 -1 ]
53 55 54 48 47 44 42 39: [2 -1 -6 -1 -3 -2 -3 ] | [2 1 ]
13 16 15 14 12 5 6: [3 -1 -1 -2 -7 1 ] | [3 2 -1 -2 ]
63 64 63 60 54 52 52: [1 -1 -3 -6 -2 0 ] | [1 0 -3 ]
55 56 54 47 43: [1 -2 -7 -4 ] | [1 -1 ]
33 36 33 32 27 22: [3 -3 -1 -5 -5 ] | [3 0 -1 ]
14 14 12 11 10 12: [0 -2 -1 -1 2 ] | [0 -2 -1 -1 ]
34 34 32 31 30 27 24 24: [0 -2 -1 -1 -3 -3 0 ] | [0 -2 -1 -1 -3 -3 ]
18 18 17 16 12: [0 -1 -1 -4 ] | [0 -1 -1 ]
21 21 19 16 10: [0 -2 -3 -6 ] | [0 -2 -3 ]
26 26 27 24 21 20: [0 1 -3 -3 -1 ] | [0 ]
68 68 67 66 64 66 63 64: [0 -1 -1 -2 2 -3 1 ] | [0 -1 -1 -2 ]
77 77 80 78 76 73 73: [0 3 -2 -2 -3 0 ] | [0 ]
71 71 73 71 69 66 65 61: [0 2 -2 -2 -3 -1 -4 ] | [0 ]
25 25 24 23 21 19 20 15: [0 -1 -1 -2 -2 1 -5 ] | [0 -1 -1 -2 -2 ]
46 46 46 45 44 41 38 37: [0 0 -1 -1 -3 -3 -1 ] | [0 ]
73 73 72 70 68 68 67 68: [0 -1 -2 -2 0 -1 1 ] | [0 -1 -2 -2 ]
54 54 54 53 51 49 49: [0 0 -1 -2 -2 0 ] | [0 ]
47 47 47 46 44 43 39: [0 0 -1 -2 -1 -4 ] | [0 ]
72 72 70 69 67 67 62: [0 -2 -1 -2 0 -5 ] | [0 -2 -1 -2 ]
93 93 90 89 85 82 81 78: [0 -3 -1 -4 -3 -1 -3 ] | [0 -3 -1 ]
54 54 53 49 47 48: [0 -1 -4 -2 1 ] | [0 -1 ]
24 24 20 19 19: [0 -4 -1 0 ] | [0 ]
93 93 89 87 83: [0 -4 -2 -4 ] | [0 ]
30 30 28 24 22 20 14: [0 -2 -4 -2 -2 -6 ] | [0 -2 ]
97 97 90 88 87: [0 -7 -2 -1 ] | [0 ]
76 76 71 68 67 66 65 66: [0 -5 -3 -1 -1 -1 1 ] | [0 ]
81 81 75 72 72: [0 -6 -3 0 ] | [0 ]
50 50 45 42 41 37: [0 -5 -3 -1 -4 ] | [0 ]
75 75 69 67 61: [0 -6 -2 -6 ] | [0 ]
56 52 50 49 46 45 47: [-4 -2 -1 -3 -1 2 ] | [-4 -6 -1 -3 -1 ]
31 27 24 22 19 18 18: [-4 -3 -2 -3 -1 0 ] | [-4 -7 -2 -3 -1 ]
42 38 37 34 33 30 26: [-4 -1 -3 -1 -3 -4 ] | [-4 -5 -3 -1 -3 ]
77 73 71 70 67 65 63 58: [-4 -2 -1 -3 -2 -2 -5 ] | [-4 -6 -1 -3 -2 -2 ]
36 32 29 26 24 23 25 22: [-4 -3 -3 -2 -1 2 -3 ] | [-4 -7 -3 -2 -1 ]
46 42 39 41 43: [-4 -3 2 2 ] | [-4 ]
85 81 82 80 78 78: [-4 1 -2 -2 0 ] | [-4 -3 -2 -2 ]
49 45 43 45 41: [-4 -2 2 -4 ] | [-4 -6 ]
63 59 62 59 54: [-4 3 -3 -5 ] | [-4 -1 -3 ]
91 87 85 85 82: [-4 -2 0 -3 ] | [-4 -6 ]
68 64 62 59 59 61: [-4 -2 -3 0 2 ] | [-4 -6 -3 ]
9 5 5 4 4: [-4 0 -1 0 ] | [-4 ]
74 70 68 68 67 63: [-4 -2 0 -1 -4 ] | [-4 -6 ]
25 21 19 18 16 13 13 7: [-4 -2 -1 -2 -3 0 -6 ] | [-4 -6 -1 -2 -3 ]
69 65 64 60 57 54: [-4 -1 -4 -3 -3 ] | [-4 -5 ]
68 64 60 59 58 57 60: [-4 -4 -1 -1 -1 3 ] | [-4 ]
94 90 89 87 85 84 80 80: [-4 -1 -2 -2 -1 -4 0 ] | [-4 -5 -2 -2 -1 ]
28 24 20 18 16 12: [-4 -4 -2 -2 -4 ] | [-4 ]
26 22 20 16 11: [-4 -2 -4 -5 ] | [-4 -6 ]
95 91 89 83 80: [-4 -2 -6 -3 ] | [-4 -6 ]
36 32 29 28 23 24: [-4 -3 -1 -5 1 ] | [-4 -7 -1 ]
82 78 75 70 70: [-4 -3 -5 0 ] | [-4 -7 ]
58 54 49 47 44 40: [-4 -5 -2 -3 -4 ] | [-4 ]
52 48 47 45 39 32: [-4 -1 -2 -6 -7 ] | [-4 -5 -2 ]
32 25 23 20 18 15 17: [-7 -2 -3 -2 -3 2 ] | [-7 -9 -3 -2 -3 ]
26 19 18 15 14 13 10 10: [-7 -1 -3 -1 -1 -3 0 ] | [-7 -8 -3 -1 -1 -3 ]
33 28 26 23 20 18 15 11: [-5 -2 -3 -3 -2 -3 -4 ] | [-5 -7 -3 -3 -2 -3 ]
84 78 75 74 73 70 69 64: [-6 -3 -1 -1 -3 -1 -5 ] | [-6 -9 -1 -1 -3 -1 ]
86 79 78 76 74 77 74: [-7 -1 -2 -2 3 -3 ] | [-7 -8 -2 -2 ]
73 67 65 62 63 64: [-6 -2 -3 1 1 ] | [-6 -8 -3 ]
90 84 81 83 83: [-6 -3 2 0 ] | [-6 -9 ]
94 87 86 84 87 83: [-7 -1 -2 3 -4 ] | [-7 -8 -2 ]
40 33 32 30 33 32 29 24: [-7 -1 -2 3 -1 -3 -5 ] | [-7 -8 -2 ]
25 19 18 18 15 14: [-6 -1 0 -3 -1 ] | [-6 -7 ]
86 80 79 79 78 77 76 77: [-6 -1 0 -1 -1 -1 1 ] | [-6 -7 ]
10 4 3 3 3: [-6 -1 0 0 ] | [-6 -7 ]
55 48 48 47 43: [-7 0 -1 -4 ] | [-7 ]
98 92 91 90 87 87 81: [-6 -1 -1 -3 0 -6 ] | [-6 -7 -1 -3 ]
21 16 12 11 9 7 4 2: [-5 -4 -1 -2 -2 -3 -2 ] | [-5 ]
27 22 19 15 14 11 12: [-5 -3 -4 -1 -3 1 ] | [-5 -8 ]
22 17 13 12 10 10: [-5 -4 -1 -2 0 ] | [-5 ]
97 90 89 86 82 81 77: [-7 -1 -3 -4 -1 -4 ] | [-7 -8 -3 ]
99 94 91 87 82: [-5 -3 -4 -5 ] | [-5 -8 ]
72 67 64 63 62 55 53: [-5 -3 -1 -1 -7 -2 ] | [-5 -8 -1 -1 ]
63 56 54 53 52 51 44 46: [-7 -2 -1 -1 -1 -7 2 ] | [-7 -9 -1 -1 -1 ]
46 39 36 33 31 26 26: [-7 -3 -3 -2 -5 0 ] | [-7 -10 -3 -2 ]
48 42 37 35 31: [-6 -5 -2 -4 ] | [-6 ]
27 20 14 13 11 8 1: [-7 -6 -1 -2 -3 -7 ] | [-7 ]
89 90 91 94 96 95 96: [1 1 3 2 -1 1 ] | [1 1 3 2 -1 ]
24 25 26 28 25 26 25: [1 1 2 -3 1 -1 ] | [1 1 2 -3 ]
34 37 34 37 37: [3 -3 3 0 ] | [3 -3 ]
72 74 72 73 75 80: [2 -2 1 2 5 ] | [2 -2 ]
21 23 25 25 22: [2 2 0 -3 ] | [2 2 0 ]
29 32 35 37 37 37: [3 3 2 0 0 ] | [3 3 2 0 ]
52 54 54 56 57 61: [2 0 2 1 4 ] | [2 0 2 1 ]
21 23 23 24 30: [2 0 1 6 ] | [2 0 1 ]
16 18 19 23 26 28 29 32: [2 1 4 3 2 1 3 ] | [2 1 4 ]
81 84 88 89 91 94 95 92: [3 4 1 2 3 1 -3 ] | [3 4 ]
55 57 61 63 63: [2 4 2 0 ] | [2 4 ]
77 79 80 82 84 87 91 95: [2 1 2 2 3 4 4 ] | [2 1 2 2 3 4 ]
18 20 21 24 28 31 34 40: [2 1 3 4 3 3 6 ] | [2 1 3 4 ]
22 23 26 32 35: [1 3 6 3 ] | [1 3 6 ]
25 28 29 31 33 34 39 39: [3 1 2 2 1 5 0 ] | [3 1 2 2 1 5 ]
1 4 9 12 16: [3 5 3 4 ] | [3 5 ]
31 33 34 41 44 51: [2 1 7 3 7 ] | [2 1 7 ]
32 30 31 33 31: [-2 1 2 -2 ] | [-2 -1 2 ]
85 82 83 85 88 90 90: [-3 1 2 3 2 0 ] | [-3 -2 2 3 2 ]
76 73 76 78 80 81 82 86: [-3 3 2 2 1 1 4 ] | [-3 0 2 2 1 1 ]
26 25 27 30 33 35 38 43: [-1 2 3 3 2 3 5 ] | [-1 1 3 3 2 3 ]
66 64 67 69 71 70 73: [-2 3 2 2 -1 3 ] | [-2 1 2 2 ]
56 53 52 54 57 60 59: [-3 -1 2 3 3 -1 ] | [-3 ]
78 75 73 74 74: [-3 -2 1 0 ] | [-3 -2 1 ]
7 5 7 5 9: [-2 2 -2 4 ] | [-2 0 ]
57 55 53 55 58 61 64 71: [-2 -2 2 3 3 3 7 ] | [-2 ]
78 76 77 77 79 82: [-2 1 0 2 3 ] | [-2 -1 ]
54 52 52 54 51: [-2 0 2 -3 ] | [-2 0 ]
53 50 53 53 53: [-3 3 0 0 ] | [-3 0 ]
88 86 89 91 92 94 94 98: [-2 3 2 1 2 0 4 ] | [-2 1 2 1 2 ]
85 83 83 85 86 92: [-2 0 2 1 6 ] | [-2 ]
17 16 18 22 24 26 23: [-1 2 4 2 2 -3 ] | [-1 1 ]
20 17 20 23 24 28 30 30: [-3 3 3 1 4 2 0 ] | [-3 0 3 1 ]
58 56 58 59 63 67: [-2 2 1 4 4 ] | [-2 0 1 ]
8 5 9 10 17: [-3 4 1 7 ] | [-3 1 1 ]
77 74 75 77 78 80 87 89: [-3 1 2 1 2 7 2 ] | [-3 -2 2 1 2 ]
82 81 82 84 85 87 94 92: [-1 1 2 1 2 7 -2 ] | [-1 0 2 1 2 ]
81 78 79 84 84: [-3 1 5 0 ] | [-3 -2 ]
60 58 60 61 64 71 75: [-2 2 1 3 7 4 ] | [-2 0 1 3 ]
66 63 65 71 76: [-3 2 6 5 ] | [-3 -1 ]
22 22 24 26 24: [0 2 2 -2 ] | [0 2 2 ]
16 16 18 21 21: [0 2 3 0 ] | [0 2 3 ]
30 30 33 36 38 42: [0 3 3 2 4 ] | [0 3 3 2 ]
46 46 47 50 51 52 59: [0 1 3 1 1 7 ] | [0 1 3 1 1 ]
3 3 4 2 4 6 9 11: [0 1 -2 2 2 3 2 ] | [0 1 ]
15 15 12 14 16 17 19 17: [0 -3 2 2 1 2 -2 ] | [0 ]
32 32 35 34 34: [0 3 -1 0 ] | [0 3 ]
92 92 95 92 93 94 98: [0 3 -3 1 1 4 ] | [0 3 ]
73 73 70 73 76 83: [0 -3 3 3 7 ] | [0 ]
18 18 18 21 22: [0 0 3 1 ] | [0 ]
39 39 42 42 43 41: [0 3 0 1 -2 ] | [0 3 ]
88 88 89 92 92 94 96 96: [0 1 3 0 2 2 0 ] | [0 1 3 ]
27 27 27 30 32 36: [0 0 3 2 4 ] | [0 ]
63 63 65 66 66 72: [0 2 1 0 6 ] | [0 2 1 ]
31 31 35 38 39 40 41: [0 4 3 1 1 1 ] | [0 ]
10 10 12 16 17 19 17: [0 2 4 1 2 -2 ] | [0 2 ]
38 38 42 43 45 45: [0 4 1 2 0 ] | [0 ]
57 57 61 62 63 65 68 72: [0 4 1 1 2 3 4 ] | [0 ]
11 11 14 18 21 23 24 31: [0 3 4 3 2 1 7 ] | [0 3 ]
63 63 69 71 74 75: [0 6 2 3 1 ] | [0 ]
8 8 13 16 15: [0 5 3 -1 ] | [0 ]
22 22 23 26 33 35 35: [0 1 3 7 2 0 ] | [0 1 3 ]
7 7 10 13 16 21 25: [0 3 3 3 5 4 ] | [0 3 3 3 ]
20 20 23 24 29 34: [0 3 1 5 5 ] | [0 3 1 ]
38 42 44 45 48 51 53 51: [4 2 1 3 3 2 -2 ] | [4 6 1 3 3 2 ]
36 40 42 43 45 45: [4 2 1 2 0 ] | [4 6 1 2 ]
23 27 29 31 35: [4 2 2 4 ] | [4 6 2 ]
69 73 74 76 81: [4 1 2 5 ] | [4 5 2 ]
14 18 21 22 25 24 27 30: [4 3 1 3 -1 3 3 ] | [4 7 1 3 ]
36 40 37 38 40 42 40: [4 -3 1 2 2 -2 ] | [4 1 1 2 2 ]
9 13 11 14 16 16: [4 -2 3 2 0 ] | [4 2 3 2 ]
73 77 75 78 82: [4 -2 3 4 ] | [4 2 3 ]
29 33 31 33 39: [4 -2 2 6 ] | [4 2 2 ]
23 27 30 30 32 34: [4 3 0 2 2 ] | [4 7 ]
57 61 64 65 68 68 69 67: [4 3 1 3 0 1 -2 ] | [4 7 1 3 ]
16 20 20 23 24 26 26: [4 0 3 1 2 0 ] | [4 ]
23 27 30 30 31 32 36: [4 3 0 1 1 4 ] | [4 7 ]
72 76 76 79 86: [4 0 3 7 ] | [4 ]
53 57 59 60 64 65 67 68: [4 2 1 4 1 2 1 ] | [4 6 1 ]
63 67 71 74 71: [4 4 3 -3 ] | [4 ]
86 90 91 95 96 99 99: [4 1 4 1 3 0 ] | [4 5 ]
62 66 69 73 77: [4 3 4 4 ] | [4 7 ]
61 65 69 70 75: [4 4 1 5 ] | [4 ]
23 27 30 36 39 40 41 42: [4 3 6 3 1 1 1 ] | [4 7 ]
30 34 37 38 39 42 47 46: [4 3 1 1 3 5 -1 ] | [4 7 1 1 3 ]
50 54 56 61 61: [4 2 5 0 ] | [4 6 ]
21 25 27 32 36: [4 2 5 4 ] | [4 6 ]
22 26 27 33 36 38 45: [4 1 6 3 2 7 ] | [4 5 ]
31 36 38 39 40 43 46 43: [5 2 1 1 3 3 -3 ] | [5 7 1 1 3 3 ]
34 39 42 43 46 48 51 51: [5 3 1 3 2 3 0 ] | [5 8 1 3 2 3 ]
29 35 36 37 40 43 46 50: [6 1 1 3 3 3 4 ] | [6 7 1 3 3 3 ]
23 30 33 34 37 40 43 50: [7 3 1 3 3 3 7 ] | [7 10 1 3 3 3 ]
90 95 96 93 95: [5 1 -3 2 ] | [5 6 ]
58 64 66 69 67 66: [6 2 3 -2 -1 ] | [6 8 3 ]
29 34 37 40 37 40 43 43: [5 3 3 -3 3 3 0 ] | [5 8 3 ]
24 29 32 35 38 39 37 41: [5 3 3 3 1 -2 4 ] | [5 8 3 3 1 ]
11 18 17 19 20 27: [7 -1 2 1 7 ] | [7 ]
49 56 59 59 62: [7 3 0 3 ] | [7 10 ]
87 93 96 97 97 96: [6 3 1 0 -1 ] | [6 9 1 ]
5 11 11 12 15 16 16: [6 0 1 3 1 0 ] | [6 ]
45 50 50 51 53 57: [5 0 1 2 4 ] | [5 ]
65 71 74 74 81: [6 3 0 7 ] | [6 9 ]
35 42 46 47 48 51 54: [7 4 1 1 3 3 ] | [7 ]
76 81 82 83 87 89 87: [5 1 1 4 2 -2 ] | [5 6 1 ]
2 7 8 11 15 17 17: [5 1 3 4 2 0 ] | [5 6 3 ]
30 36 39 43 46 50: [6 3 4 3 4 ] | [6 9 ]
48 53 54 56 60 63 64 70: [5 1 2 4 3 1 6 ] | [5 6 2 ]
75 81 87 88 90 91: [6 6 1 2 1 ] | [6 ]
27 32 34 36 41 39: [5 2 2 5 -2 ] | [5 7 2 ]
81 88 95 98 98: [7 7 3 0 ] | [7 ]
32 38 45 46 49 52 53 57: [6 7 1 3 3 1 4 ] | [6 ]
45 50 52 58 59 66: [5 2 6 1 7 ] | [5 7 ]
64 61 60 58 56 54 55 58: [-3 -1 -2 -2 -2 1 3 ] | [-3 -1 -2 -2 -2 1 ]
56 55 54 57 54 51 51: [-1 -1 3 -3 -3 0 ] | [-1 -1 3 ]
41 39 42 41 39 38 34: [-2 3 -1 -2 -1 -4 ] | [-2 3 ]
26 25 24 26 25 19: [-1 -1 2 -1 -6 ] | [-1 -1 2 ]
89 86 85 84 83 83 80 83: [-3 -1 -1 -1 0 -3 3 ] | [-3 -1 -1 -1 0 -3 ]
15 12 12 9 9: [-3 0 -3 0 ] | [-3 0 -3 ]
52 49 47 47 43: [-3 -2 0 -4 ] | [-3 -2 0 ]
50 49 49 46 43 41 38 31: [-1 0 -3 -3 -2 -3 -7 ] | [-1 0 -3 -3 -2 -3 ]
97 95 94 92 91 87 86: [-2 -1 -2 -1 -4 -1 ] | [-2 -1 -2 -1 -4 ]
77 76 73 72 70 67 63 63: [-1 -3 -1 -2 -3 -4 0 ] | [-1 -3 -1 -2 -3 -4 ]
22 20 16 14 11 7: [-2 -4 -2 -3 -4 ] | [-2 -4 ]
34 32 31 28 24 23 16: [-2 -1 -3 -4 -1 -7 ] | [-2 -1 -3 -4 ]
31 29 26 24 17 15 13 11: [-2 -3 -2 -7 -2 -2 -2 ] | [-2 -3 -2 -7 ]
81 79 77 70 67 65 66: [-2 -2 -7 -3 -2 1 ] | [-2 -2 -7 ]
67 64 58 55 55: [-3 -6 -3 0 ] | [-3 -6 ]
22 19 17 14 12 11 6 2: [-3 -2 -3 -2 -1 -5 -4 ] | [-3 -2 -3 -2 -1 -5 ]
36 35 34 33 31 30 23 17: [-1 -1 -1 -2 -1 -7 -6 ] | [-1 -1 -1 -2 -1 -7 ]
15 17 14 11 13: [2 -3 -3 2 ] | [2 -3 ]
3 6 5 4 3 3: [3 -1 -1 -1 0 ] | [3 2 -1 -1 ]
68 71 69 67 64 62 58: [3 -2 -2 -3 -2 -4 ] | [3 1 -2 -3 -2 ]
34 37 35 32 25: [3 -2 -3 -7 ] | [3 1 -3 ]
29 32 29 28 25 27 24: [3 -3 -1 -3 2 -3 ] | [3 0 -1 -3 ]
20 21 24 22 20 19 21: [1 3 -2 -2 -1 2 ] | [1 3 -2 ]
86 87 84 81 83 82 82: [1 -3 -3 2 -1 0 ] | [1 -2 -3 ]
16 19 17 14 13 11 13 9: [3 -2 -3 -1 -2 2 -4 ] | [3 1 -3 -1 -2 ]
27 28 31 29 28 23: [1 3 -2 -1 -5 ] | [1 ]
61 62 62 59 56 55 54: [1 0 -3 -3 -1 -1 ] | [1 ]
28 31 29 29 26 28: [3 -2 0 -3 2 ] | [3 -2 ]
78 79 79 76 73 70 70: [1 0 -3 -3 -3 0 ] | [1 ]
18 20 19 17 17 13: [2 -1 -2 0 -4 ] | [2 1 -2 ]
40 41 40 40 38 36 35 28: [1 -1 0 -2 -2 -1 -7 ] | [1 0 ]
87 88 87 83 81 78: [1 -1 -4 -2 -3 ] | [1 0 ]
41 44 41 40 39 35 33 35: [3 -3 -1 -1 -4 -2 2 ] | [3 0 -1 -1 ]
88 90 89 85 85: [2 -1 -4 0 ] | [2 1 ]
25 27 23 22 19 18 14: [2 -4 -1 -3 -1 -4 ] | [2 -2 -1 -3 -1 ]
97 98 95 94 90 87 82: [1 -3 -1 -4 -3 -5 ] | [1 -2 -1 ]
87 90 89 86 84 78 81: [3 -1 -3 -2 -6 3 ] | [3 2 -3 -2 ]
67 70 65 64 61 61: [3 -5 -1 -3 0 ] | [3 -2 -1 -3 ]
94 97 94 92 89 83 79: [3 -3 -2 -3 -6 -4 ] | [3 0 -2 -3 ]
57 59 57 52 46: [2 -2 -5 -6 ] | [2 0 ]
39 39 36 35 32 29 32: [0 -3 -1 -3 -3 3 ] | [0 -3 -1 -3 -3 ]
64 64 62 59 57 54 54: [0 -2 -3 -2 -3 0 ] | [0 -2 -3 -2 -3 ]
27 27 26 24 21 20 16: [0 -1 -2 -3 -1 -4 ] | [0 -1 -2 -3 -1 ]
41 41 40 38 36 35 28: [0 -1 -2 -2 -1 -7 ] | [0 -1 -2 -2 -1 ]
78 78 76 73 70 68 70 69: [0 -2 -3 -3 -2 2 -1 ] | [0 -2 -3 -3 -2 ]
54 54 52 51 54 53 50 52: [0 -2 -1 3 -1 -3 2 ] | [0 -2 -1 ]
55 55 54 51 54 53 53: [0 -1 -3 3 -1 0 ] | [0 -1 -3 ]
30 30 29 32 31 27: [0 -1 3 -1 -4 ] | [0 -1 ]
97 97 96 99 98 93: [0 -1 3 -1 -5 ] | [0 -1 ]
86 86 86 83 80 78 75 72: [0 0 -3 -3 -2 -3 -3 ] | [0 ]
93 93 91 89 89 90: [0 -2 -2 0 1 ] | [0 -2 -2 ]
97 97 97 95 95: [0 0 -2 0 ] | [0 ]
62 62 60 57 57 56 52: [0 -2 -3 0 -1 -4 ] | [0 -2 -3 ]
75 75 73 73 71 69 62: [0 -2 0 -2 -2 -7 ] | [0 -2 ]
50 50 46 44 41 40: [0 -4 -2 -3 -1 ] | [0 ]
80 80 79 75 73 71 68 69: [0 -1 -4 -2 -2 -3 1 ] | [0 -1 ]
38 38 36 33 29 29: [0 -2 -3 -4 0 ] | [0 -2 -3 ]
98 98 95 91 87: [0 -3 -4 -4 ] | [0 -3 ]
78 78 75 73 69 68 63: [0 -3 -2 -4 -1 -5 ] | [0 -3 -2 ]
84 84 82 79 76 74 67 66: [0 -2 -3 -3 -2 -7 -1 ] | [0 -2 -3 -3 -2 ]
19 19 16 10 8 11: [0 -3 -6 -2 3 ] | [0 -3 ]
32 32 25 22 20 19 16 16: [0 -7 -3 -2 -1 -3 0 ] | [0 ]
23 23 22 21 19 13 10 6: [0 -1 -1 -2 -6 -3 -4 ] | [0 -1 -1 -2 ]
80 80 73 72 71 68 62: [0 -7 -1 -1 -3 -6 ] | [0 ]
65 61 60 58 61: [-4 -1 -2 3 ] | [-4 -5 -2 ]
17 13 10 8 8: [-4 -3 -2 0 ] | [-4 -7 -2 ]
90 86 83 81 77: [-4 -3 -2 -4 ] | [-4 -7 -2 ]
69 65 63 62 61 55: [-4 -2 -1 -1 -6 ] | [-4 -6 -1 -1 ]
46 42 39 36 38 35 34: [-4 -3 -3 2 -3 -1 ] | [-4 -7 -3 ]
58 54 53 55 56: [-4 -1 2 1 ] | [-4 ]
80 76 73 76 74 74: [-4 -3 3 -2 0 ] | [-4 -7 ]
63 59 57 54 53 56 54 50: [-4 -2 -3 -1 3 -2 -4 ] | [-4 -6 -3 -1 ]
45 41 43 42 35: [-4 2 -1 -7 ] | [-4 -2 -1 ]
23 19 19 16 14: [-4 0 -3 -2 ] | [-4 ]
55 51 50 49 49 48 47 48: [-4 -1 -1 0 -1 -1 1 ] | [-4 -5 -1 ]
96 92 90 87 84 81 81 81: [-4 -2 -3 -3 -3 0 0 ] | [-4 -6 -3 -3 -3 ]
86 82 80 77 77 74 70: [-4 -2 -3 0 -3 -4 ] | [-4 -6 -3 ]
95 91 90 90 84: [-4 -1 0 -6 ] | [-4 -5 ]
44 40 38 37 36 32 29: [-4 -2 -1 -1 -4 -3 ] | [-4 -6 -1 -1 ]
95 91 87 85 82 85: [-4 -4 -2 -3 3 ] | [-4 ]
96 92 91 87 85 85: [-4 -1 -4 -2 0 ] | [-4 -5 ]
66 62 59 55 51: [-4 -3 -4 -4 ] | [-4 -7 ]
40 36 32 31 29 27 22: [-4 -4 -1 -2 -2 -5 ] | [-4 ]
77 73 71 68 62 61 58 55: [-4 -2 -3 -6 -1 -3 -3 ] | [-4 -6 -3 ]
87 83 81 79 73 72 71 74: [-4 -2 -2 -6 -1 -1 3 ] | [-4 -6 -2 ]
52 48 47 41 38 36 36: [-4 -1 -6 -3 -2 0 ] | [-4 -5 ]
88 84 81 76 74 71 67: [-4 -3 -5 -2 -3 -4 ] | [-4 -7 ]
89 85 82 79 73 70 63: [-4 -3 -3 -6 -3 -7 ] | [-4 -7 -3 ]
18 12 11 9 7 6 9: [-6 -1 -2 -2 -1 3 ] | [-6 -7 -2 -2 -1 ]
98 92 89 88 88: [-6 -3 -1 0 ] | [-6 -9 -1 ]
78 73 70 69 66 63 60 56: [-5 -3 -1 -3 -3 -3 -4 ] | [-5 -8 -1 -3 -3 -3 ]
41 35 32 30 29 23: [-6 -3 -2 -1 -6 ] | [-6 -9 -2 -1 ]
39 33 31 28 30 29: [-6 -2 -3 2 -1 ] | [-6 -8 -3 ]
69 64 65 62 64: [-5 1 -3 2 ] | [-5 -4 ]
59 54 51 52 51 49 47 47: [-5 -3 1 -1 -2 -2 0 ] | [-5 -8 ]
69 62 64 61 57: [-7 2 -3 -4 ] | [-7 ]
54 48 45 42 41 43 41 34: [-6 -3 -3 -1 2 -2 -7 ] | [-6 -9 -3 -1 ]
60 53 50 48 45 44 44 41: [-7 -3 -2 -3 -1 0 -3 ] | [-7 -10 -2 -3 -1 ]
52 46 46 45 48: [-6 0 -1 3 ] | [-6 ]
37 30 27 27 24 24: [-7 -3 0 -3 0 ] | [-7 -10 ]
91 84 84 82 80 76: [-7 0 -2 -2 -4 ] | [-7 ]
94 87 86 83 83 76: [-7 -1 -3 0 -7 ] | [-7 -8 -3 ]
38 32 28 25 23 20 19 17: [-6 -4 -3 -2 -3 -1 -2 ] | [-6 ]
17 11 7 6 4 5: [-6 -4 -1 -2 1 ] | [-6 ]
65 58 57 55 52 48 47 47: [-7 -1 -2 -3 -4 -1 0 ] | [-7 -8 -2 -3 ]
60 55 51 48 44: [-5 -4 -3 -4 ] | [-5 ]
63 58 55 52 50 46 43 36: [-5 -3 -3 -2 -4 -3 -7 ] | [-5 -8 -3 -2 ]
37 30 28 22 19: [-7 -2 -6 -3 ] | [-7 -9 ]
96 89 87 81 78 79: [-7 -2 -6 -3 1 ] | [-7 -9 ]
24 18 17 16 14 9 6 6: [-6 -1 -1 -2 -5 -3 0 ] | [-6 -7 -1 -2 ]
40 33 28 25 23 21 20 16: [-7 -5 -3 -2 -2 -1 -4 ] | [-7 ]
67 60 57 55 53 47 45 38: [-7 -3 -2 -2 -6 -2 -7 ] | [-7 -10 -2 -2 ]
18 21 23 25 23 24 23: [3 2 2 -2 1 -1 ] | [3 2 2 -2 ]
30 33 32 33 36 38 39 39: [3 -1 1 3 2 1 0 ] | [3 -1 ]
48 49 52 55 58 56 57 61: [1 3 3 3 -2 1 4 ] | [1 3 3 3 -2 ]
54 57 56 57 62: [3 -1 1 5 ] | [3 -1 ]
74 77 80 81 82 82 79: [3 3 1 1 0 -3 ] | [3 3 1 1 0 ]
17 19 19 22 22: [2 0 3 0 ] | [2 0 3 ]
27 29 31 32 32 33 36 40: [2 2 1 0 1 3 4 ] | [2 2 1 0 1 3 ]
30 31 31 33 34 37 38 45: [1 0 2 1 3 1 7 ] | [1 0 2 1 3 1 ]
77 80 81 82 84 88 89: [3 1 1 2 4 1 ] | [3 1 1 2 4 ]
86 88 92 95 95: [2 4 3 0 ] | [2 4 ]
58 59 60 61 65 67 71: [1 1 1 4 2 4 ] | [1 1 1 4 ]
55 57 58 62 64 66 73: [2 1 4 2 2 7 ] | [2 1 4 ]
39 41 42 49 50 52 55: [2 1 7 1 2 3 ] | [2 1 7 ]
8 11 18 21 22 24 26 24: [3 7 3 1 2 2 -2 ] | [3 7 ]
32 34 40 41 42 42: [2 6 1 1 0 ] | [2 6 ]
35 36 38 41 48 51 55: [1 2 3 7 3 4 ] | [1 2 3 7 ]
63 65 71 73 76 82: [2 6 2 3 6 ] | [2 6 ]
34 33 36 37 35: [-1 3 1 -2 ] | [-1 2 1 ]
65 64 65 66 69 70 71 71: [-1 1 1 3 1 1 0 ] | [-1 0 1 3 1 1 ]
24 23 24 26 27 31: [-1 1 2 1 4 ] | [-1 0 2 1 ]
10 9 12 13 14 17 20 25: [-1 3 1 1 3 3 5 ] | [-1 2 1 1 3 3 ]
47 44 45 46 47 46 49: [-3 1 1 1 -1 3 ] | [-3 -2 1 1 ]
40 38 39 36 38 38: [-2 1 -3 2 0 ] | [-2 -1 ]
75 73 74 71 73 77: [-2 1 -3 2 4 ] | [-2 -1 ]
47 46 49 50 47 48 50 56: [-1 3 1 -3 1 2 6 ] | [-1 2 1 ]
12 10 10 12 15 17: [-2 0 2 3 2 ] | [-2 ]
28 26 27 27 30 27: [-2 1 0 3 -3 ] | [-2 -1 ]
10 7 10 10 11 13 15 15: [-3 3 0 1 2 2 0 ] | [-3 0 ]
85 84 84 85 89: [-1 0 1 4 ] | [-1 ]
35 32 33 35 35 38 44: [-3 1 2 0 3 6 ] | [-3 -2 2 ]
70 68 71 73 74 76 80 81: [-2 3 2 1 2 4 1 ] | [-2 1 2 1 2 ]
75 72 76 77 79 80 83 82: [-3 4 1 2 1 3 -1 ] | [-3 1 1 2 1 3 ]
86 84 85 89 92 95 95: [-2 1 4 3 3 0 ] | [-2 -1 ]
12 9 11 13 16 17 21 25: [-3 2 2 3 1 4 4 ] | [-3 -1 2 3 1 ]
6 4 6 10 16: [-2 2 4 6 ] | [-2 0 ]
36 35 37 40 43 50 53 56: [-1 2 3 3 7 3 3 ] | [-1 1 3 3 ]
68 65 66 68 71 77 74: [-3 1 2 3 6 -3 ] | [-3 -2 2 3 ]
85 83 86 93 95 96 97 97: [-2 3 7 2 1 1 0 ] | [-2 1 ]
25 23 25 27 34 35 38 42: [-2 2 2 7 1 3 4 ] | [-2 0 2 ]
41 38 45 47 48 54: [-3 7 2 1 6 ] | [-3 ]
30 30 33 34 36 37 36: [0 3 1 2 1 -1 ] | [0 3 1 2 1 ]
43 43 45 48 50 51 51: [0 2 3 2 1 0 ] | [0 2 3 2 1 ]
87 87 89 92 96: [0 2 3 4 ] | [0 2 3 ]
1 1 4 7 8 11 18: [0 3 3 1 3 7 ] | [0 3 3 1 3 ]
91 91 94 96 99 97 99: [0 3 2 3 -2 2 ] | [0 3 2 3 ]
48 48 51 54 53 52: [0 3 3 -1 -1 ] | [0 3 3 ]
73 73 76 77 80 82 80 80: [0 3 1 3 2 -2 0 ] | [0 3 1 3 2 ]
66 66 67 68 70 67 71: [0 1 1 2 -3 4 ] | [0 1 1 2 ]
72 72 70 71 77: [0 -2 1 6 ] | [0 ]
7 7 10 13 13 14: [0 3 3 0 1 ] | [0 3 3 ]
73 73 73 76 79 77: [0 0 3 3 -2 ] | [0 ]
51 51 52 55 57 57 59 59: [0 1 3 2 0 2 0 ] | [0 1 3 2 ]
15 15 16 16 20: [0 1 0 4 ] | [0 1 ]
70 70 73 76 79 82 82 87: [0 3 3 3 3 0 5 ] | [0 3 3 3 3 ]
19 19 23 26 27 29: [0 4 3 1 2 ] | [0 ]
40 40 44 46 43: [0 4 2 -3 ] | [0 ]
6 6 9 13 15 18 18: [0 3 4 2 3 0 ] | [0 3 ]
16 16 20 23 25 27 30 34: [0 4 3 2 2 3 4 ] | [0 ]
72 72 75 77 79 83 90: [0 3 2 2 4 7 ] | [0 3 2 2 ]
43 43 46 53 54 57 58: [0 3 7 1 3 1 ] | [0 3 ]
5 5 6 11 13 10: [0 1 5 2 -3 ] | [0 1 ]
10 10 13 15 21 21: [0 3 2 6 0 ] | [0 3 2 ]
29 29 30 37 39 43: [0 1 7 2 4 ] | [0 1 ]
71 71 78 81 87: [0 7 3 6 ] | [0 ]
21 25 28 29 32 29: [4 3 1 3 -3 ] | [4 7 1 3 ]
38 42 43 46 46: [4 1 3 0 ] | [4 5 3 ]
10 14 15 18 19 20 21 25: [4 1 3 1 1 1 4 ] | [4 5 3 1 1 1 ]
10 14 17 18 19 22 23 29: [4 3 1 1 3 1 6 ] | [4 7 1 1 3 1 ]
58 62 61 62 61: [4 -1 1 -1 ] | [4 3 1 ]
32 36 33 35 35: [4 -3 2 0 ] | [4 1 2 ]
1 5 6 4 8: [4 1 -2 4 ] | [4 5 ]
69 73 74 75 72 75 81: [4 1 1 -3 3 6 ] | [4 5 1 ]
54 58 59 59 61: [4 1 0 2 ] | [4 5 ]
54 58 58 59 60 62 59: [4 0 1 1 2 -3 ] | [4 ]
61 65 65 68 71 74 74: [4 0 3 3 3 0 ] | [4 ]
84 88 89 89 93: [4 1 0 4 ] | [4 5 ]
51 55 56 56 58 59 60 65: [4 1 0 2 1 1 5 ] | [4 5 ]
10 14 17 21 22: [4 3 4 1 ] | [4 7 ]
13 17 20 21 25 26 25: [4 3 1 4 1 -1 ] | [4 7 1 ]
45 49 53 54 54: [4 4 1 0 ] | [4 ]
80 84 88 90 91 94 98: [4 4 2 1 3 4 ] | [4 ]
19 23 24 26 27 28 32 37: [4 1 2 1 1 4 5 ] | [4 5 2 1 1 ]
42 46 48 54 55: [4 2 6 1 ] | [4 6 ]
49 53 58 59 62 65 62: [4 5 1 3 3 -3 ] | [4 ]
60 64 70 73 75 75: [4 6 3 2 0 ] | [4 ]
53 57 60 67 68 72: [4 3 7 1 4 ] | [4 7 ]
27 31 33 35 41 44 51: [4 2 2 6 3 7 ] | [4 6 2 ]
37 42 45 46 44: [5 3 1 -2 ] | [5 8 1 ]
42 49 51 54 55 58 59 59: [7 2 3 1 3 1 0 ] | [7 9 3 1 3 1 ]
36 42 44 47 50 52 56: [6 2 3 3 2 4 ] | [6 8 3 3 2 ]
11 18 21 22 29: [7 3 1 7 ] | [7 10 1 ]
9 14 15 12 9: [5 1 -3 -3 ] | [5 6 ]
37 44 41 43 43: [7 -3 2 0 ] | [7 ]
30 35 33 35 38 39 43: [5 -2 2 3 1 4 ] | [5 3 2 3 1 ]
45 52 53 55 57 59 58 64: [7 1 2 2 2 -1 6 ] | [7 8 2 2 2 ]
26 31 31 34 36 39 41: [5 0 3 2 3 2 ] | [5 ]
38 43 44 45 47 50 50 49: [5 1 1 2 3 0 -1 ] | [5 6 1 2 3 ]
10 16 18 18 20 20: [6 2 0 2 0 ] | [6 8 ]
18 24 25 28 29 29 31 35: [6 1 3 1 0 2 4 ] | [6 7 3 1 ]
52 59 61 64 67 67 68 75: [7 2 3 3 0 1 7 ] | [7 9 3 3 ]
18 25 26 29 32 33 37 38: [7 1 3 3 1 4 1 ] | [7 8 3 3 1 ]
21 28 32 35 33: [7 4 3 -2 ] | [7 ]
24 31 35 36 38 41 41: [7 4 1 2 3 0 ] | [7 ]
47 54 55 59 63: [7 1 4 4 ] | [7 8 ]
60 66 70 71 74 75 80: [6 4 1 3 1 5 ] | [6 ]
65 71 72 79 82 85 87: [6 1 7 3 3 2 ] | [6 7 ]
59 65 66 72 70: [6 1 6 -2 ] | [6 7 ]
33 38 39 42 47 50 50: [5 1 3 5 3 0 ] | [5 6 3 ]
22 29 30 31 33 34 39 43: [7 1 1 2 1 5 4 ] | [7 8 1 2 1 ]
5 10 11 18 20 21 26: [5 1 7 2 1 5 ] | [5 6 ]
41 38 40 38 39: [-3 2 -2 1 ] | [-3 -1 ]
72 70 69 72 72: [-2 -1 3 0 ] | [-2 -1 3 ]
18 15 17 16 13 10 6: [-3 2 -1 -3 -3 -4 ] | [-3 2 ]
86 85 82 83 77: [-1 -3 1 -6 ] | [-1 -3 1 ]
95 92 92 91 89 91: [-3 0 -1 -2 2 ] | [-3 0 -1 -2 ]
80 77 76 76 73 73: [-3 -1 0 -3 0 ] | [-3 -1 0 -3 ]
23 20 18 18 17 15 14 10: [-3 -2 0 -1 -2 -1 -4 ] | [-3 -2 0 -1 -2 -1 ]
60 58 56 56 49: [-2 -2 0 -7 ] | [-2 -2 0 ]
23 21 17 15 14: [-2 -4 -2 -1 ] | [-2 -4 ]
33 30 26 25 23 20 23: [-3 -4 -1 -2 -3 3 ] | [-3 -4 ]
97 96 93 89 89: [-1 -3 -4 0 ] | [-1 -3 -4 ]
51 50 48 45 44 40 36: [-1 -2 -3 -1 -4 -4 ] | [-1 -2 -3 -1 -4 ]
84 82 80 79 75 72 71 64: [-2 -2 -1 -4 -3 -1 -7 ] | [-2 -2 -1 -4 ]
76 75 68 67 64 62: [-1 -7 -1 -3 -2 ] | [-1 -7 ]
97 94 88 86 89: [-3 -6 -2 3 ] | [-3 -6 ]
89 87 81 78 77 77: [-2 -6 -3 -1 0 ] | [-2 -6 ]
97 94 91 86 83 81 80 76: [-3 -3 -5 -3 -2 -1 -4 ] | [-3 -3 -5 ]
17 15 13 12 7 2: [-2 -2 -1 -5 -5 ] | [-2 -2 -1 -5 ]
28 30 27 24 23 21 18 21: [2 -3 -3 -1 -2 -3 3 ] | [2 -1 -3 -1 -2 -3 ]
8 9 8 7 6 5 2 2: [1 -1 -1 -1 -1 -3 0 ] | [1 0 -1 -1 -1 -3 ]
51 54 51 49 46 42: [3 -3 -2 -3 -4 ] | [3 0 -2 -3 ]
41 43 41 38 36 31: [2 -2 -3 -2 -5 ] | [2 0 -3 -2 ]
54 56 55 54 53 56 53: [2 -1 -1 -1 3 -3 ] | [2 1 -1 -1 ]
68 71 69 70 67 65 67: [3 -2 1 -3 -2 2 ] | [3 -2 ]
6 9 8 9 8 6 4 4: [3 -1 1 -1 -2 -2 0 ] | [3 2 ]
51 53 51 49 47 49 48 44: [2 -2 -2 -2 2 -1 -4 ] | [2 0 -2 -2 ]
40 43 45 43 42 36: [3 2 -2 -1 -6 ] | [3 ]
49 50 50 47 45 42 40 38: [1 0 -3 -2 -3 -2 -2 ] | [1 ]
4 7 6 4 4 2 3: [3 -1 -2 0 -2 1 ] | [3 2 -2 ]
98 99 99 98 98: [1 0 -1 0 ] | [1 0 ]
53 56 54 54 50: [3 -2 0 -4 ] | [3 1 ]
81 82 79 79 77 71: [1 -3 0 -2 -6 ] | [1 -2 ]
88 89 86 82 80: [1 -3 -4 -2 ] | [1 -2 ]
55 58 56 54 51 47 44 45: [3 -2 -2 -3 -4 -3 1 ] | [3 1 -2 -3 ]
58 61 58 57 55 52 48 48: [3 -3 -1 -2 -3 -4 0 ] | [3 0 -1 -2 -3 ]
28 29 28 24 23 19: [1 -1 -4 -1 -4 ] | [1 0 ]
56 59 58 54 47: [3 -1 -4 -7 ] | [3 2 ]
85 88 86 79 76: [3 -2 -7 -3 ] | [3 1 ]
95 98 97 90 88 86 88: [3 -1 -7 -2 -2 2 ] | [3 2 ]
52 53 50 49 47 42 41 41: [1 -3 -1 -2 -5 -1 0 ] | [1 -2 -1 -2 ]
60 63 60 54 52 50 46: [3 -3 -6 -2 -2 -4 ] | [3 0 ]
55 57 56 55 49 48 45 39: [2 -1 -1 -6 -1 -3 -6 ] | [2 1 -1 ]
60 60 57 54 53 55: [0 -3 -3 -1 2 ] | [0 -3 -3 -1 ]
60 60 59 58 55 53 51 51: [0 -1 -1 -3 -2 -2 0 ] | [0 -1 -1 -3 -2 -2 ]
44 44 41 40 36: [0 -3 -1 -4 ] | [0 -3 -1 ]
81 81 78 77 74 71 70 65: [0 -3 -1 -3 -3 -1 -5 ] | [0 -3 -1 -3 -3 -1 ]
46 46 43 46 44: [0 -3 3 -2 ] | [0 -3 ]
67 67 66 64 65 63 66: [0 -1 -2 1 -2 3 ] | [0 -1 -2 ]
74 74 72 69 66 64 67 67: [0 -2 -3 -3 -2 3 0 ] | [0 -2 -3 -3 -2 ]
61 61 60 61 59 58 54: [0 -1 1 -2 -1 -4 ] | [0 -1 ]
48 48 46 48 47 44 39: [0 -2 2 -1 -3 -5 ] | [0 -2 ]
25 25 25 24 23: [0 0 -1 -1 ] | [0 ]
88 88 88 86 88: [0 0 -2 2 ] | [0 ]
19 19 19 17 14 11 9 9: [0 0 -2 -3 -3 -2 0 ] | [0 ]
70 70 67 65 65 64 60: [0 -3 -2 0 -1 -4 ] | [0 -3 -2 ]
17 17 14 12 12 11 8 2: [0 -3 -2 0 -1 -3 -6 ] | [0 -3 -2 ]
99 99 96 92 90: [0 -3 -4 -2 ] | [0 -3 ]
56 56 54 52 48 47 50: [0 -2 -2 -4 -1 3 ] | [0 -2 -2 ]
80 80 77 73 72 69 69: [0 -3 -4 -1 -3 0 ] | [0 -3 ]
28 28 26 22 20 17 13: [0 -2 -4 -2 -3 -4 ] | [0 -2 ]
70 70 66 64 58: [0 -4 -2 -6 ] | [0 ]
93 93 88 86 83 81 79 77: [0 -5 -2 -3 -2 -2 -2 ] | [0 ]
40 40 34 31 34: [0 -6 -3 3 ] | [0 ]
47 47 45 42 39 34 34: [0 -2 -3 -3 -5 0 ] | [0 -2 -3 -3 ]
89 89 82 79 78 74: [0 -7 -3 -1 -4 ] | [0 ]
98 98 97 96 90 87 84 79: [0 -1 -1 -6 -3 -3 -5 ] | [0 -1 -1 ]
63 59 58 55 53 50 51: [-4 -1 -3 -2 -3 1 ] | [-4 -5 -3 -2 -3 ]
80 76 74 71 68 65 65: [-4 -2 -3 -3 -3 0 ] | [-4 -6 -3 -3 -3 ]
47 43 42 41 39 38 37 33: [-4 -1 -1 -2 -1 -1 -4 ] | [-4 -5 -1 -2 -1 -1 ]
84 80 77 75 74 67: [-4 -3 -2 -1 -7 ] | [-4 -7 -2 -1 ]
87 83 80 78 81 79: [-4 -3 -2 3 -2 ] | [-4 -7 -2 ]
18 14 16 13 16: [-4 2 -3 3 ] | [-4 -2 ]
31 27 30 28 27 27: [-4 3 -2 -1 0 ] | [-4 -1 -2 -1 ]
15 11 8 11 9 6 2: [-4 -3 3 -2 -3 -4 ] | [-4 -7 ]
22 18 17 20 17 11: [-4 -1 3 -3 -6 ] | [-4 -5 ]
52 48 47 44 44 41 40: [-4 -1 -3 0 -3 -1 ] | [-4 -5 -3 ]
39 35 35 32 29 27 26 29: [-4 0 -3 -3 -2 -1 3 ] | [-4 ]
50 46 45 45 43 42 40 40: [-4 -1 0 -2 -1 -2 0 ] | [-4 -5 ]
91 87 85 85 81: [-4 -2 0 -4 ] | [-4 -6 ]
56 52 50 50 43: [-4 -2 0 -7 ] | [-4 -6 ]
25 21 19 18 14 13: [-4 -2 -1 -4 -1 ] | [-4 -6 -1 ]
78 74 70 69 67 69: [-4 -4 -1 -2 2 ] | [-4 ]
21 17 16 15 13 9 9: [-4 -1 -1 -2 -4 0 ] | [-4 -5 -1 -2 ]
59 55 54 51 47 43: [-4 -1 -3 -4 -4 ] | [-4 -5 -3 ]
96 92 90 88 84 83 82 77: [-4 -2 -2 -4 -1 -1 -5 ] | [-4 -6 -2 ]
49 45 40 37 35: [-4 -5 -3 -2 ] | [-4 ]
53 49 43 42 41 44: [-4 -6 -1 -1 3 ] | [-4 ]
50 46 44 38 35 35: [-4 -2 -6 -3 0 ] | [-4 -6 ]
56 52 46 45 43 41 37: [-4 -6 -1 -2 -2 -4 ] | [-4 ]
46 42 40 37 30 25: [-4 -2 -3 -7 -5 ] | [-4 -6 -3 ]
55 50 49 48 47 44 47: [-5 -1 -1 -1 -3 3 ] | [-5 -6 -1 -1 -3 ]
26 21 18 15 15: [-5 -3 -3 0 ] | [-5 -8 -3 ]
65 58 57 55 53 49: [-7 -1 -2 -2 -4 ] | [-7 -8 -2 -2 ]
94 89 87 85 84 81 75: [-5 -2 -2 -1 -3 -6 ] | [-5 -7 -2 -1 -3 ]
65 59 57 55 56 55: [-6 -2 -2 1 -1 ] | [-6 -8 -2 ]
12 5 4 5 6: [-7 -1 1 1 ] | [-7 ]
24 17 20 17 17: [-7 3 -3 0 ] | [-7 ]
17 12 9 7 6 8 7 3: [-5 -3 -2 -1 2 -1 -4 ] | [-5 -8 -2 -1 ]
44 37 39 36 30: [-7 2 -3 -6 ] | [-7 ]
19 12 12 9 7 4 3: [-7 0 -3 -2 -3 -1 ] | [-7 ]
99 94 92 89 87 87 90: [-5 -2 -3 -2 0 3 ] | [-5 -7 -3 -2 ]
18 13 12 12 12: [-5 -1 0 0 ] | [-5 -6 ]
65 60 60 58 54: [-5 0 -2 -4 ] | [-5 ]
27 20 17 16 14 12 12 5: [-7 -3 -1 -2 -2 0 -7 ] | [-7 -10 -1 -2 -2 ]
22 15 11 10 8: [-7 -4 -1 -2 ] | [-7 ]
67 61 57 55 57: [-6 -4 -2 2 ] | [-6 ]
37 32 29 28 25 21 21: [-5 -3 -1 -3 -4 0 ] | [-5 -8 -1 -3 ]
94 87 83 82 79 78 75 71: [-7 -4 -1 -3 -1 -3 -4 ] | [-7 ]
60 54 51 47 44 38: [-6 -3 -4 -3 -6 ] | [-6 -9 ]
57 52 49 46 40 38: [-5 -3 -3 -6 -2 ] | [-5 -8 -3 ]
84 79 78 73 70 72: [-5 -1 -5 -3 2 ] | [-5 -6 ]
46 39 36 31 30 30: [-7 -3 -5 -1 0 ] | [-7 -10 ]
85 80 79 73 71 67: [-5 -1 -6 -2 -4 ] | [-5 -6 ]
52 46 45 39 38 37 32: [-6 -1 -6 -1 -1 -5 ] | [-6 -7 ]
76 78 76 74 69 68 66 66: [2 -2 -2 -5 -1 -2 0 ] | [2 0 -2 ]
93 93 92 91 88 86 83 84: [0 -1 -1 -3 -2 -3 1 ] | [0 -1 -1 -3 -2 -3 ]
2 1 3 5 8 6: [-1 2 2 3 -2 ] | [-1 1 2 3 ]
77 71 69 67 63 61 58 59: [-6 -2 -2 -4 -2 -3 1 ] | [-6 -8 -2 ]
17 10 7 6 6: [-7 -3 -1 0 ] | [-7 -10 -1 ]
66 71 72 74 78 81: [5 1 2 4 3 ] | [5 6 2 ]
10 13 17 18 21 23 23: [3 4 1 3 2 0 ] | [3 4 ]
48 48 45 43 37 30: [0 -3 -2 -6 -7 ] | [0 -3 -2 ]
26 28 28 29 27: [2 0 1 -2 ] | [2 0 1 ]
93 91 90 92 95 95: [-2 -1 2 3 0 ] | [-2 ]
36 40 42 43 46 45 44: [4 2 1 3 -1 -1 ] | [4 6 1 3 ]
29 33 34 35 35 37 38 39: [4 1 1 0 2 1 1 ] | [4 5 1 ]
20 25 26 28 30 32 36 34: [5 1 2 2 2 4 -2 ] | [5 6 2 2 2 ]
2 2 4 5 9 12 12: [0 2 1 4 3 0 ] | [0 2 1 ]
59 63 66 70 70: [4 3 4 0 ] | [4 7 ]
95 95 98 96 94 92 87: [0 3 -2 -2 -2 -5 ] | [0 ]
63 56 54 52 55 49: [-7 -2 -2 3 -6 ] | [-7 -9 -2 ]
4 8 11 18 20 17: [4 3 7 2 -3 ] | [4 7 ]
54 56 53 51 48 50 47: [2 -3 -2 -3 2 -3 ] | [2 -1 -2 -3 ]
99 96 93 91 90 90 88 88: [-3 -3 -2 -1 0 -2 0 ] | [-3 -3 -2 -1 0 -2 ]
39 39 41 43 45 49: [0 2 2 2 4 ] | [0 2 2 2 ]
23 23 29 31 34 35: [0 6 2 3 1 ] | [0 ]
62 58 55 53 46 41: [-4 -3 -2 -7 -5 ] | [-4 -7 -2 ]
56 59 57 55 55 54 52 48: [3 -2 -2 0 -1 -2 -4 ] | [3 1 -2 ]
